$ 1 0.000005668934240362812 382.76258214399064 50 5 50 5e-11
a 800 416 896 416 8 5 0 1000000 2.4999751254962463 2.5 100000
a 800 560 896 560 8 5 0 1000000 2.5000248740062734 2.5 100000
r 800 496 896 496 0 100000
w 800 352 800 400 0
w 800 496 800 544 0
w 896 496 896 560 0
w 896 352 896 416 0
w 896 416 944 416 0
w 944 560 896 560 0
p 944 416 1072 416 3 0 0
p 944 560 1072 560 3 0 0
g 1072 560 1072 592 0 0
g 1072 416 1072 448 0 0
r 704 544 800 544 0 100000
r 944 416 944 560 0 8
w 800 576 624 576 0
w 704 304 944 304 0
w 944 304 944 416 0
r 528 432 464 432 0 20000
r 528 368 464 368 0 20000
r 528 304 464 304 0 20000
R 384 304 352 304 1 2 440 2.5 2.5 0 0.5
R 384 368 352 368 1 2 494 2.5 2.5 2.0943951023931953 0.5
R 384 432 352 432 1 2 554 2.5 2.5 4.1887902047863905 0.5
w 624 400 544 400 0
w 624 432 624 576 0
w 704 544 704 352 0
w 704 352 704 304 0
w 624 400 800 400 0
w 624 432 800 432 0
s 384 304 464 304 0 0 false
s 384 432 464 432 0 1 false
r 624 432 624 272 0 100000
R 624 272 624 240 0 0 40 5 0 0 0.5
r 624 576 624 656 0 100000
g 624 656 624 672 0 0
s 384 368 464 368 0 0 false
174 800 352 896 352 1 10000 0.9950000000000001 Resistance
w 848 336 848 320 0
211 944 560 976 624 0 4 22050 1
s 384 496 464 496 0 1 false
R 384 496 352 496 1 2 622 2.5 2.5 4.1887902047863905 0.5
r 528 496 464 496 0 20000
s 384 576 464 576 0 1 false
R 384 576 352 576 1 2 698 2.5 2.5 4.1887902047863905 0.5
r 528 576 464 576 0 20000
w 848 320 896 320 0
w 896 320 896 352 0
w 528 576 544 576 0
w 544 576 544 496 0
w 528 496 544 496 0
w 544 496 544 432 0
w 528 432 544 432 0
w 544 432 544 400 0
w 544 400 544 368 0
w 544 368 528 368 0
w 528 304 544 304 0
w 544 304 544 368 0
o 14 8 0 4098 5 0.8 0 2 14 3
o 9 8 0 4098 10 0.1 1 1
o 10 8 0 4098 10 0.1 2 1
