$ 1 0.000019999999999999998 382.76258214399064 50 5 50 5e-11
R 208 -64 208 -128 0 0 40 3 0 0 0.5
w 352 208 256 208 0
r 352 672 352 752 0 2000
g 352 768 352 800 0 0
w 352 768 352 752 0
w 352 256 352 240 0
r 352 48 352 -16 0 1000
w 352 176 352 240 0
r 256 48 256 -16 0 330
w 256 176 256 208 0
s -80 240 -16 240 0 1 false
162 -80 256 -80 304 2 default-led 1 0 0 0.01
w -80 256 -80 240 0
w 352 112 352 144 0
r 304 48 304 -16 0 330
w 256 48 256 144 0
w 304 80 304 48 0
w 304 -16 304 -64 0
w 304 -64 352 -64 0
w 256 -16 256 -64 0
w 256 -64 304 -64 0
w 352 48 352 112 0
w 352 -16 352 -64 0
w 304 80 192 80 0
w 256 208 192 208 0
w -80 128 -80 112 0
162 -80 128 -80 176 2 default-led 1 0 0 0.01
s -80 112 -16 112 0 1 false
s -208 112 -144 112 0 1 false
162 -208 128 -208 176 2 default-led 1 0 0 0.01
w -208 128 -208 112 0
w -208 256 -208 240 0
162 -208 256 -208 304 2 default-led 1 0 0 0.01
s -208 240 -144 240 0 1 false
w -144 112 -144 80 0
w -144 80 16 80 0
w -16 112 16 112 0
w 16 112 16 80 0
w -16 240 16 240 0
w 16 240 16 208 0
w -80 304 -112 304 0
w -112 208 -112 304 0
w -208 304 -240 304 0
w -240 304 -240 208 0
w -80 176 -112 176 0
w -112 176 -112 208 0
w -208 176 -240 176 0
w -240 176 -240 208 0
w 16 208 -144 208 0
w -144 208 -144 240 0
w 352 144 352 176 0
w 256 144 256 176 0
w -400 208 -400 240 0
w -496 176 -496 208 0
w -464 176 -496 176 0
w -368 176 -368 208 0
w -336 176 -368 176 0
w -496 304 -496 208 0
w -464 304 -496 304 0
w -368 208 -368 304 0
w -336 304 -368 304 0
w -400 112 -400 80 0
s -464 240 -400 240 0 1 false
162 -464 256 -464 304 2 default-led 1 0 0 0.01
w -464 256 -464 240 0
w -464 128 -464 112 0
162 -464 128 -464 176 2 default-led 1 0 0 0.01
s -464 112 -400 112 0 0 false
s -336 112 -272 112 0 1 false
162 -336 128 -336 176 2 default-led 1 0 0 0.01
w -336 128 -336 112 0
w -336 256 -336 240 0
162 -336 256 -336 304 2 default-led 1 0 0 0.01
s -336 240 -272 240 0 0 false
w -400 208 -272 208 0
w -272 240 -272 208 0
w -272 208 -144 208 0
w -400 80 -288 80 0
w -272 112 -272 80 0
w -288 80 -272 80 0
w -272 80 -144 80 0
w -240 784 -240 736 0
w -112 816 -112 736 0
162 -464 784 -464 832 2 default-led 1 0 0 0.01
w -464 832 -496 832 0
w -496 832 -496 736 0
w -336 832 -368 832 0
162 -336 784 -336 832 2 default-led 1 0 0 0.01
w -208 832 -240 832 0
162 -208 784 -208 832 2 default-led 1 0 0 0.01
w -80 832 -112 832 0
162 -80 784 -80 832 2 default-led 1 0 0 0.01
w -240 848 -240 832 0
w -240 832 -240 784 0
w -112 832 -112 816 0
w -464 784 -336 784 0
w -336 784 -208 784 0
w -208 784 -80 784 0
w 96 80 16 80 0
w 96 208 16 208 0
r 208 64 208 -32 0 330
w 208 -32 208 -64 0
w 208 -64 256 -64 0
a 400 96 480 96 8 5 0 1000000 0 0 100000
w 400 80 304 80 0
w 400 112 352 112 0
a 400 224 480 224 8 5 0 1000000 0 0 100000
w 400 240 352 240 0
w 400 208 352 208 0
151 512 80 592 80 0 2 0 5
w 480 96 512 96 0
151 672 80 752 80 0 2 0 5
w 592 80 640 80 0
w 640 80 640 96 0
w 640 96 672 96 0
w 672 64 640 64 0
w 640 64 640 80 0
w 512 64 496 64 0
c 768 80 768 16 0 1.0000000000000001e-7 0.001 0.001
w 736 16 768 16 0
w 768 80 752 80 0
w 640 16 496 16 0
w 496 16 496 64 0
w 496 144 496 192 0
w 640 144 496 144 0
w 656 144 640 144 0
w 736 144 768 144 0
c 768 208 768 144 0 1.0000000000000001e-7 0.001 0.001
w 512 192 496 192 0
w 640 192 640 208 0
w 592 208 640 208 0
w 480 224 512 224 0
151 512 208 592 208 0 2 0 5
r 784 80 864 80 0 100000
r 784 208 864 208 0 100000
w 784 208 768 208 0
w 784 80 768 80 0
w 864 208 880 208 0
w 880 208 880 160 0
w 880 80 864 80 0
w 880 160 880 80 0
c 928 208 992 208 0 4.7000000000000004e-8 0.001 0.001
w 928 208 880 208 0
w 992 208 1040 208 0
r 992 176 992 96 0 1000000
r 992 224 992 320 0 1000000
g 992 336 992 368 0 0
w 992 336 992 320 0
w 992 224 992 208 0
w 992 208 992 176 0
R 992 16 992 -16 0 0 40 5 0 0 0.5
w 992 16 992 96 0
c 1040 208 1088 208 0 4.7000000000000004e-8 0.001 0.001
w 1104 208 1088 208 0
421 -48 1120 32 1120 1024 4 0 0 0 0 0
w -48 1248 -192 1248 0
w -192 1216 -48 1216 0
L -48 1280 -96 1280 0 1 false 5 0
L -48 1312 -96 1312 0 1 false 5 0
L 48 1312 112 1312 0 1 false 5 0
r 640 16 640 64 0 2150
r 640 144 640 192 0 2030
w 656 144 736 144 0
w 736 16 640 16 0
w -400 880 -112 880 0
w -432 864 -240 864 0
w -240 864 -240 848 0
w -464 848 -368 848 0
w -368 848 -368 832 0
w -112 880 -112 832 0
R 48 1120 112 1120 1 2 2 2.5 2.5 0 0.5
L 48 1280 112 1280 0 1 false 5 0
w -544 1120 -544 1168 0
w -544 1088 -544 1120 0
w -544 1056 -544 1088 0
w -544 1024 -544 1056 0
w -416 1024 -544 1024 0
w -512 1120 -544 1120 0
w -448 1056 -544 1056 0
w -480 1088 -544 1088 0
w -496 1088 -496 880 0
w -464 1056 -464 880 0
w -432 1024 -432 880 0
w -400 992 -400 880 0
w -384 1120 -384 1024 0
w -416 1120 -416 1056 0
w -448 1120 -448 1088 0
151 -400 1024 -400 992 0 2 0 5
151 -432 1056 -432 1024 0 2 0 5
151 -464 1088 -464 1056 0 2 0 5
151 -496 1120 -496 1088 0 2 0 5
L -480 1280 -480 1312 0 1 false 5 0
185 -512 1152 -432 1152 6144 3
L -544 1168 -544 1200 0 1 false 5 0
w -496 880 -496 832 0
w -464 880 -464 848 0
w -432 880 -432 864 0
L -192 1184 -144 1184 0 0 false 5 0
I 672 336 752 336 0 0.5 5
I 672 592 752 592 0 0.5 5
I 672 464 752 464 0 0.5 5
I 672 208 752 208 0 0.5 5
w 672 208 640 208 0
w 752 208 768 208 0
153 512 336 592 336 0 2 0 5
153 512 464 592 464 0 2 0 5
153 512 592 592 592 0 2 0 5
a 400 352 480 352 9 15 -15 1000000 0 0 100000
a 400 480 480 480 9 15 -15 1000000 0 0 100000
a 400 608 480 608 9 15 -15 1000000 0 0 100000
w 752 336 768 336 0
w 672 336 640 336 0
w 656 272 736 272 0
r 640 272 640 320 0 1808
w 784 336 768 336 0
r 784 336 864 336 0 100000
w 480 352 512 352 0
w 592 336 640 336 0
w 640 320 640 336 0
w 512 320 496 320 0
c 768 336 768 272 0 1.0000000000000001e-7 0.001 0.001
w 736 272 768 272 0
w 656 272 640 272 0
w 640 272 496 272 0
w 496 272 496 320 0
w 496 400 496 448 0
w 640 400 496 400 0
w 656 400 640 400 0
w 736 400 768 400 0
c 768 464 768 400 0 1.0000000000000001e-7 0.001 0.001
w 512 448 496 448 0
w 640 448 640 464 0
w 592 464 640 464 0
w 480 480 512 480 0
r 784 464 864 464 0 100000
w 784 464 768 464 0
r 640 400 640 448 0 1612
w 656 400 736 400 0
w 672 464 640 464 0
w 752 464 768 464 0
w 496 528 496 576 0
w 640 528 496 528 0
w 656 528 640 528 0
w 736 528 768 528 0
c 768 592 768 528 0 1.0000000000000001e-7 0.001 0.001
w 512 576 496 576 0
w 640 576 640 592 0
w 592 592 640 592 0
w 480 608 512 608 0
r 784 592 864 592 0 100000
w 784 592 768 592 0
r 640 528 640 576 0 22000
w 656 528 736 528 0
w 672 592 640 592 0
w 752 592 768 592 0
w 864 336 880 336 0
w 880 336 880 208 0
w 864 464 880 464 0
w 880 464 880 336 0
w 864 592 880 592 0
w 880 592 880 464 0
w 352 672 352 624 0
w 400 368 352 368 0
w 400 496 352 496 0
w 400 624 352 624 0
w 352 608 352 496 0
w 352 496 352 368 0
w 352 368 352 256 0
w 352 624 352 608 0
w 96 336 16 336 0
w -272 336 -144 336 0
w -272 368 -272 336 0
w -400 336 -272 336 0
s -336 368 -272 368 0 1 false
162 -336 384 -336 432 2 default-led 1 0 0 0.01
w -336 384 -336 368 0
w -464 384 -464 368 0
162 -464 384 -464 432 2 default-led 1 0 0 0.01
s -464 368 -400 368 0 1 false
w -336 432 -368 432 0
w -464 432 -496 432 0
w -496 432 -496 336 0
w -400 336 -400 368 0
w -144 336 -144 368 0
w 16 336 -144 336 0
w -208 432 -240 432 0
w -80 432 -112 432 0
w 16 368 16 336 0
w -16 368 16 368 0
s -208 368 -144 368 0 0 false
162 -208 384 -208 432 2 default-led 1 0 0 0.01
w -208 384 -208 368 0
w -80 384 -80 368 0
162 -80 384 -80 432 2 default-led 1 0 0 0.01
s -80 368 -16 368 0 1 false
s -80 496 -16 496 0 0 false
162 -80 512 -80 560 2 default-led 1 0 0 0.01
w -80 512 -80 496 0
w -208 512 -208 496 0
162 -208 512 -208 560 2 default-led 1 0 0 0.01
s -208 496 -144 496 0 1 false
w -16 496 16 496 0
w 16 496 16 464 0
w -80 560 -112 560 0
w -208 560 -240 560 0
w 16 464 -144 464 0
w -144 464 -144 496 0
w -400 464 -400 496 0
w -496 560 -496 464 0
w -464 560 -496 560 0
w -336 560 -368 560 0
s -464 496 -400 496 0 1 false
162 -464 512 -464 560 2 default-led 1 0 0 0.01
w -464 512 -464 496 0
w -336 512 -336 496 0
162 -336 512 -336 560 2 default-led 1 0 0 0.01
s -336 496 -272 496 0 1 false
w -400 464 -272 464 0
w -272 496 -272 464 0
w -272 464 -144 464 0
w 96 464 16 464 0
w 208 64 208 336 0
w 192 336 208 336 0
w 208 336 400 336 0
w 96 592 16 592 0
w -272 592 -144 592 0
w -272 624 -272 592 0
w -400 592 -272 592 0
s -336 624 -272 624 0 1 false
162 -336 640 -336 688 2 default-led 1 0 0 0.01
w -336 640 -336 624 0
w -464 640 -464 624 0
162 -464 640 -464 688 2 default-led 1 0 0 0.01
s -464 624 -400 624 0 1 false
w -336 688 -368 688 0
w -464 688 -496 688 0
w -496 688 -496 592 0
w -496 736 -496 688 0
w -368 736 -368 688 0
w -400 592 -400 624 0
w -144 592 -144 624 0
w 16 592 -144 592 0
w -112 736 -112 688 0
w -240 736 -240 688 0
w -208 688 -240 688 0
w -80 688 -112 688 0
w 16 624 16 592 0
w -16 624 16 624 0
s -208 624 -144 624 0 1 false
162 -208 640 -208 688 2 default-led 1 0 0 0.01
w -208 640 -208 624 0
w -80 640 -80 624 0
162 -80 640 -80 688 2 default-led 1 0 0 0.01
s -80 624 -16 624 0 1 false
w -112 688 -112 560 0
w -112 560 -112 432 0
w -112 432 -112 304 0
w -240 688 -240 560 0
w -240 560 -240 432 0
w -240 432 -240 304 0
w -368 688 -368 560 0
w -368 560 -368 432 0
w -368 432 -368 304 0
w -496 336 -496 304 0
w -496 464 -496 432 0
w -496 592 -496 560 0
w 192 464 400 464 0
w 192 592 400 592 0
w 64 -64 112 -64 0
w 64 -32 64 -64 0
r 64 64 64 -32 0 330
w 112 -64 160 -64 0
w 112 -16 112 -64 0
w 160 -64 208 -64 0
w 160 -16 160 -64 0
r 160 48 160 -16 0 330
r 112 48 112 -16 0 330
w 96 80 192 80 0
w 192 208 96 208 0
w 96 336 192 336 0
w 96 464 160 464 0
w 96 592 112 592 0
w 160 48 160 464 0
w 176 464 192 464 0
w 160 464 176 464 0
w 112 48 112 592 0
w 112 592 192 592 0
w -368 832 -368 736 0
w 64 64 64 784 0
w 64 784 -80 784 0
