$ 1 0.000005 382.76258214399064 52 5 50 5e-11
w 16 1152 16 1040 0
w 64 960 16 960 0
w 16 960 -48 960 0
162 592 480 592 544 2 default-led 1 0 0 0.01
162 624 480 624 544 2 default-led 1 0 0 0.01
162 656 480 656 544 2 default-led 1 0 0 0.01
162 688 480 688 544 2 default-led 1 0 0 0.01
162 720 480 720 544 2 default-led 1 0 0 0.01
162 752 480 752 544 2 default-led 1 0 0 0.01
162 784 480 784 544 2 default-led 1 0 0 0.01
r 560 480 560 416 0 440
r 592 480 592 416 0 440
r 624 480 624 416 0 440
r 656 480 656 416 0 440
r 784 480 784 416 0 440
r 752 480 752 416 0 440
r 720 480 720 416 0 440
r 688 480 688 416 0 440
w 560 640 560 544 0
w 592 544 592 640 0
w 624 640 624 544 0
w 656 544 656 640 0
w 688 640 688 544 0
w 720 544 720 640 0
w 752 640 752 544 0
w 784 544 784 560 0
w -272 1152 -160 1152 0
w -160 1152 -160 1120 0
r -160 1040 -160 976 0 10000
w -192 960 -160 960 0
w -160 960 -160 976 0
w -160 1152 -112 1152 0
c -112 1152 -64 1152 0 1e-9 0.001 0.001
w -64 1152 16 1152 0
w -272 944 -304 944 0
185 544 912 624 912 6144 3
L 576 1040 576 1072 0 1 false 5 0
151 560 880 560 848 0 2 0 5
151 592 848 592 816 0 2 0 5
151 624 816 624 784 0 2 0 5
151 656 784 656 752 0 2 0 5
151 784 656 784 624 0 2 0 5
151 752 688 752 656 0 2 0 5
151 720 720 720 688 0 2 0 5
151 688 752 688 720 0 2 0 5
w 784 624 784 560 0
w 608 880 608 848 0
w 640 880 640 816 0
w 672 880 672 784 0
w 704 880 704 752 0
w 736 880 736 720 0
w 768 880 768 688 0
w 800 880 800 672 0
w 800 672 800 656 0
w 752 656 752 640 0
w 720 688 720 640 0
w 688 720 688 640 0
w 656 752 656 640 0
w 624 784 624 640 0
w 592 816 592 640 0
w 560 848 560 640 0
w 576 848 512 848 0
w 608 816 512 816 0
w 544 880 512 880 0
w 640 784 512 784 0
w 672 752 512 752 0
w 704 720 512 720 0
w 736 688 512 688 0
w 768 656 512 656 0
w 512 656 512 688 0
w 512 688 512 720 0
w 512 720 512 752 0
w 512 752 512 784 0
w 512 784 512 816 0
w 512 816 512 848 0
w 512 848 512 880 0
w 512 880 512 928 0
w 560 416 592 416 0
w 592 416 624 416 0
w 624 416 656 416 0
w 656 416 672 416 0
w 672 416 688 416 0
w 688 416 720 416 0
w 720 416 752 416 0
w 752 416 784 416 0
R 560 416 560 368 0 0 40 5 0 0 0.5
162 560 480 560 544 2 default-led 1 0 0 0.01
162 1008 480 1008 544 2 default-led 1 0 0 0.01
R 1008 416 1008 368 0 0 40 5 0 0 0.5
w 1200 416 1232 416 0
w 1168 416 1200 416 0
w 1136 416 1168 416 0
w 1120 416 1136 416 0
w 1104 416 1120 416 0
w 1072 416 1104 416 0
w 1040 416 1072 416 0
w 1008 416 1040 416 0
w 960 880 960 928 0
w 960 848 960 880 0
w 960 816 960 848 0
w 960 784 960 816 0
w 960 752 960 784 0
w 960 720 960 752 0
w 960 688 960 720 0
w 960 656 960 688 0
w 1216 656 960 656 0
w 1184 688 960 688 0
w 1152 720 960 720 0
w 1120 752 960 752 0
w 1088 784 960 784 0
w 992 880 960 880 0
w 1056 816 960 816 0
w 1024 848 960 848 0
w 1008 848 1008 640 0
w 1040 816 1040 640 0
w 1072 784 1072 640 0
w 1104 752 1104 640 0
w 1136 720 1136 640 0
w 1168 688 1168 640 0
w 1200 656 1200 640 0
w 1248 672 1248 656 0
w 1248 880 1248 672 0
w 1216 880 1216 688 0
w 1184 880 1184 720 0
w 1152 880 1152 752 0
w 1120 880 1120 784 0
w 1088 880 1088 816 0
w 1056 880 1056 848 0
w 1232 624 1232 560 0
151 1136 752 1136 720 0 2 0 5
151 1168 720 1168 688 0 2 0 5
151 1200 688 1200 656 0 2 0 5
151 1232 656 1232 624 0 2 0 5
151 1104 784 1104 752 0 2 0 5
151 1072 816 1072 784 0 2 0 5
151 1040 848 1040 816 0 2 0 5
151 1008 880 1008 848 0 2 0 5
L 1024 1040 1024 1072 0 1 false 5 0
185 992 912 1072 912 6144 3
w 1232 544 1232 560 0
w 1200 640 1200 544 0
w 1168 544 1168 640 0
w 1136 640 1136 544 0
w 1104 544 1104 640 0
w 1072 640 1072 544 0
w 1040 544 1040 640 0
w 1008 640 1008 544 0
r 1136 480 1136 416 0 440
r 1168 480 1168 416 0 440
r 1200 480 1200 416 0 440
r 1232 480 1232 416 0 440
r 1104 480 1104 416 0 440
r 1072 480 1072 416 0 440
r 1040 480 1040 416 0 440
r 1008 480 1008 416 0 440
162 1232 480 1232 544 2 default-led 1 0 0 0.01
162 1200 480 1200 544 2 default-led 1 0 0 0.01
162 1168 480 1168 544 2 default-led 1 0 0 0.01
162 1136 480 1136 544 2 default-led 1 0 0 0.01
162 1104 480 1104 544 2 default-led 1 0 0 0.01
162 1072 480 1072 544 2 default-led 1 0 0 0.01
162 1040 480 1040 544 2 default-led 1 0 0 0.01
207 1312 944 1344 944 4 s2
207 1312 976 1344 976 4 s1
207 1312 1008 1344 1008 4 s0
207 864 944 896 944 4 s2
207 864 976 896 976 4 s1
207 864 1008 896 1008 4 s0
207 64 960 112 960 4 clk
421 256 752 352 752 0 4 0 0 0 0 0
207 352 784 384 784 4 s3
207 352 816 384 816 4 s2
207 352 848 384 848 4 s1
L 352 912 416 912 0 1 false 5 0
L 352 944 416 944 0 1 false 5 0
L 256 944 192 944 0 1 false 5 0
150 960 992 960 928 4 3 0 5
207 944 1056 944 1088 4 \hen
207 960 1056 960 1120 4 s3
150 512 992 512 928 4 3 0 5
207 496 1056 496 1088 4 \hen
207 64 704 112 704 4 \hen
207 176 752 128 752 4 clk_div_16
. D-FF-PRE-CLR 0 2 4 6 \hCLR 6 1 2 \hPRE 3 0 2 \hQ 1 3 3 CLK 8 2 2 D 10 3 2 Q 4 0 3 NandGateElm\s1\s2\s3\s4\rNandGateElm\s5\s6\s4\s1\rNandGateElm\s7\s8\s2\s5\rNandGateElm\s8\s6\s9\s2\rNandGateElm\s2\s7\s3\s9\rNandGateElm\s10\s6\s5\s7 0\\s3\\s0\\s5\s0\\s3\\s0\\s5\s0\\s3\\s0\\s5\s0\\s3\\s0\\s5\s0\\s3\\s0\\s5\s0\\s3\\s0\\s5
410 -64 304 64 384 1 D-FF-PRE-CLR 0\s3\s0\s5 0\s3\s0\s5 0\s3\s0\s5 0\s3\s0\s5 0\s3\s0\s5 0\s3\s0\s5
207 -192 368 -240 368 4 trigger_loop
207 336 288 384 288 4 \hreset
207 -64 304 -128 304 4 \hreset
L -64 336 -128 336 0 1 false 5 0
L -64 400 -128 400 0 0 false 5 0
207 864 576 864 624 4 trigger_loop
207 912 576 912 656 4 trigger_stop
r -192 368 -192 288 0 1000
R -192 288 -192 256 0 0 40 5 0 0 0.5
w -192 368 -64 368 0
w -192 560 -64 560 0
R -192 480 -192 448 0 0 40 5 0 0 0.5
r -192 560 -192 480 0 1000
L -64 592 -128 592 0 0 false 5 0
L -64 528 -128 528 0 1 false 5 0
207 -64 496 -128 496 4 \hreset
207 -192 560 -240 560 4 trigger_stop
410 -64 496 64 576 1 D-FF-PRE-CLR 0\s3\s0\s5 0\s3\s0\s5 0\s3\s0\s5 0\s3\s0\s5 0\s3\s0\s5 0\s3\s0\s5
207 -224 704 -288 704 4 \hreset
207 32 496 80 496 4 stop
207 -224 848 -288 848 4 stop
207 -304 944 -336 944 4 \hen
r 288 432 288 496 0 1000
g 288 624 288 656 0 0
s 288 560 288 624 0 0 false
R 288 432 288 384 0 0 40 5 0 0 0.5
w 288 496 288 528 0
w 288 528 288 560 0
w 288 528 320 528 0
207 320 528 368 528 4 button
w 32 304 144 304 0
207 144 272 80 272 4 button
207 -16 688 -80 688 4 button
w -128 720 -16 720 0
151 -224 720 -144 720 0 2 0 5
151 -224 832 -144 832 0 2 0 5
w -224 816 -240 816 0
w -240 816 -240 784 0
w -240 784 -128 768 0
w -224 736 -240 736 0
w -240 736 -240 768 0
w -240 768 -128 784 0
w -128 784 -128 832 0
w -128 832 -144 832 0
w -128 768 -128 720 0
w -128 720 -144 720 0
153 -272 960 -192 960 0 2 0 5
151 -16 704 64 704 0 2 0 5
w 976 1056 976 992 0
I 960 1056 960 992 0 0.5 5
I 512 1056 512 992 0 0.5 5
w 496 1056 496 992 0
w 528 1056 528 992 0
w 944 1056 944 992 0
207 528 1056 528 1088 4 s3
L 512 1056 512 1120 0 1 false 5 0
L 976 1056 976 1088 0 0 false 5 0
151 144 288 224 288 0 2 0 5
w 224 288 240 288 0
w 864 576 688 544 0
I 240 288 336 288 0 0.5 5
w -160 960 -128 960 0
I -128 960 -48 960 0 0.5 5
w -272 1152 -288 1152 0
w -288 1152 -288 976 0
w -288 976 -272 976 0
174 -160 1120 -192 1056 1 10000 0.5 Resistance
w -160 1056 -160 1040 0
w -192 1088 -208 1088 0
w -208 1088 -208 1056 0
w -208 1056 -160 1056 0
w 16 1040 16 960 0
w 240 288 240 240 0
w 240 240 336 240 0
207 336 240 384 240 4 reset
I 192 912 240 912 0 0.5 5
w 240 912 256 912 0
207 192 912 128 912 4 reset
I 176 752 256 752 0 0.5 5
I 176 1024 256 1024 0 0.5 5
207 192 1184 128 1184 4 reset
w 240 1184 256 1184 0
I 192 1184 240 1184 0 0.5 5
207 176 1024 128 1024 4 clk
L 256 1216 192 1216 0 1 false 5 0
L 352 1216 416 1216 0 1 false 5 0
L 352 1184 416 1184 0 1 false 5 0
207 352 1056 400 1056 4 clk_div_16
421 256 1024 352 1024 0 4 0 0 0 0 0
207 352 880 384 880 4 s0
